1 7 2  5 4 9  6 8 3  
6 4 5  8 7 3  2 1 9  
3 8 9  2 6 1  7 4 5  

4 9 6  3 2 7  8 5 1  
8 1 3  4 5 6  9 7 2  
2 5 7  1 9 8  4 3 6  

9 6 4  7 1 5  3 2 8  
7 3 1  6 8 2  5 9 4  
5 2 8  9 3 4  1 6 7  


6 7 1  8 2 5  3 9 4  
3 4 9  7 1 6  2 8 5  
5 2 8  3 9 4  6 1 7  

8 3 4  5 7 9  1 2 6  
9 5 6  2 4 1  8 7 3  
2 1 7  6 3 8  5 4 9  

1 6 5  9 8 7  4 3 2  
4 9 2  1 6 3  7 5 8  
7 8 3  4 5 2  9 6 1  


1 2 3 4  5 6 7 8  9 10 11 12  13 14 15 16  
5 6 7 8  1 2 3 4  13 14 15 16  9 10 11 12  
9 10 11 12  13 14 15 16  1 2 3 4  5 6 7 8  
13 14 15 16  9 10 11 12  5 6 7 8  1 2 3 4  

2 1 4 3  6 5 8 7  10 9 12 11  14 13 16 15  
6 5 8 7  2 1 4 3  14 13 16 15  10 9 12 11  
10 9 12 11  14 13 16 15  2 1 4 3  6 5 8 7  
14 13 16 15  10 9 12 11  6 5 8 7  2 1 4 3  

3 4 1 2  7 8 5 6  11 12 9 10  15 16 13 14  
7 8 5 6  3 4 1 2  15 16 13 14  11 12 9 10  
11 12 9 10  15 16 13 14  3 4 1 2  7 8 5 6  
15 16 13 14  11 12 9 10  7 8 5 6  3 4 1 2  

4 3 2 1  8 7 6 5  12 11 10 9  16 15 14 13  
8 7 6 5  4 3 2 1  16 15 14 13  12 11 10 9  
12 11 10 9  16 15 14 13  4 3 2 1  8 7 6 5  
16 15 14 13  12 11 10 9  8 7 6 5  4 3 2 1  


1 2  3 4  
3 4  1 2  

2 1  4 3  
4 3  2 1  


